<chart>
symbol=EURUSD
period=1440
leftpos=2000
digits=5
scale=8
graph=1
fore=0
grid=0
volume=0
scroll=1
shift=1
ohlc=1
askline=0
days=0
descriptions=1
shift_size=20
fixed_pos=0
window_left=0
window_top=0
window_right=550
window_bottom=249
window_type=1
background_color=0
foreground_color=16777215
barup_color=12632256
bardown_color=12632256
bullcandle_color=65280
bearcandle_color=255
chartline_color=65280
volumes_color=3329330
grid_color=3158064
askline_color=3158064
stops_color=255

<window>
height=136
<indicator>
name=main
<object>
type=2
object_name=#1 1.41652 -> 1.40652
period_flags=0
create_time=1320016275
color=16711680
style=2
weight=1
background=0
time_0=1301616000
value_0=1.416520
time_1=1301651195
value_1=1.406520
ray=0
</object>
<object>
type=22
object_name=#1 buy 0.02 EURUSD at 1.41652 close by tester at 1.40652
period_flags=0
create_time=1320016275
color=2139610
weight=1
background=0
symbol_code=3
time_0=1301651195
value_0=1.406520
</object>
</indicator>
</window>
</chart>

